gene	pool1	pool10	pool11	pool12	pool2	pool3	pool4	pool5	pool6	pool7	pool8	pool9
HOXD11	0	0	0	0	0	0	0	0	0	0	1	0
SIN3B	0	0	0	0	0	0	0	0	0	0	1	0
MLNR	0	0	0	0	0	0	0	0	0	0	1	0
CARD17	0	0	0	0	0	0	0	0	0	0	1	0
FJX1	0	0	0	0	0	0	0	0	0	0	1	0
C1QTNF7	0	0	0	0	0	0	0	0	0	0	1	0
PCBP4	0	0	0	0	0	0	0	0	0	0	1	0
CREG2	0	0	0	0	0	0	0	0	0	0	1	0
PPY	0	0	0	0	0	0	0	0	0	0	1	0
SNX5	0	0	0	0	0	0	0	0	0	0	1	0
FADS2	0	0	0	0	0	0	0	0	0	0	1	0
NF1	0	0	0	0	0	1	0	0	0	1	0	0
EID3	0	0	0	0	0	0	0	0	0	1	0	0
PAGE4	0	0	0	1	0	0	0	0	0	0	0	0
AKAP17A	0	0	0	1	0	0	0	0	0	0	0	0
ATG7	0	0	0	1	0	0	0	0	0	0	0	0
MOGAT3	0	0	0	1	0	0	0	0	0	0	0	0
ICA1L	1	0	0	0	0	0	0	0	0	0	0	0
ERBB3	0	0	0	0	1	0	0	0	0	0	0	0
CHD9	0	0	0	0	0	1	0	0	0	0	0	0
PITHD1	0	0	0	0	0	1	0	0	0	0	0	0
VCAN	0	0	0	0	0	1	0	0	0	0	0	0
SUV420H1	0	0	0	0	0	2	0	0	0	0	0	0
ETNK2	0	0	0	0	0	1	0	0	0	0	0	0
JMJD1C	0	0	0	0	0	1	0	0	0	0	0	0
CAB39L	0	0	0	0	0	1	0	0	0	0	0	0
TAOK1	0	0	0	0	0	1	0	0	0	0	0	0
DYRK2	0	0	0	0	0	1	0	0	0	0	0	0
AMZ2	0	0	0	0	0	1	0	0	0	0	0	0
TPSD1	0	0	0	0	0	1	0	0	0	0	0	0
HIST1H2BJ	0	0	0	0	0	1	0	0	0	0	0	0
GPR183	0	0	0	0	0	1	0	0	0	0	0	0
CHD1L	0	0	0	0	0	1	0	0	0	0	0	0
USP37	0	0	0	0	0	1	0	0	0	0	0	0
DNAJC1	0	0	0	0	0	1	0	0	0	0	0	0
FKBP3	0	0	0	0	0	0	1	0	0	0	0	0
KIAA1211	0	0	0	0	0	0	0	1	0	0	0	0
NEU2	0	0	0	0	0	0	0	1	0	0	0	0
TRIM23	0	0	0	0	0	0	0	1	0	0	0	0
PCBP1	0	0	0	0	0	0	0	1	0	0	0	0
AKR1C3	0	0	0	0	0	0	0	1	0	0	0	0
METTL22	0	0	0	0	0	0	0	1	0	0	0	0
MANF	0	0	0	0	0	0	0	1	0	0	0	0
SIGLEC7	0	0	0	0	0	0	0	1	0	0	0	0
OVOL1	0	0	0	0	0	0	0	0	1	0	0	0
MYO19	0	0	0	0	0	0	0	0	1	0	0	0
TSPYL1	0	0	0	0	0	0	0	0	1	0	0	0
HEPHL1	0	0	0	0	0	0	0	0	1	0	0	0
PLEKHH2	0	0	0	0	0	0	0	0	1	0	0	0
UBQLN1	0	0	0	0	0	0	0	0	1	0	0	0
MGAT3	0	0	0	0	0	0	0	0	1	0	0	0
TCEAL7	0	0	0	0	0	0	0	0	1	0	0	0
PHKA1	0	0	0	0	0	0	0	0	1	0	0	0
TMEM180	0	0	0	0	0	0	0	0	1	0	0	0
FAM32A	0	0	0	0	0	0	0	0	1	0	0	0
OSBPL5	0	0	0	0	0	0	0	0	1	0	0	0
SUMO3	0	0	0	0	0	0	0	0	1	0	0	0
FAM178B	0	0	0	0	0	0	0	0	1	0	0	0
CAPN1	0	0	0	0	0	0	0	0	1	0	0	0
SAP30	0	0	0	0	0	0	0	0	2	0	0	0
PNPLA5	0	0	0	0	0	0	0	0	1	0	0	0
ATP8A2	0	0	0	0	0	0	0	0	1	0	0	0
MRPL9	0	0	0	0	0	0	0	0	1	0	0	0
YPEL2	0	0	0	0	0	0	0	0	1	0	0	0
PPP1R3G	0	0	0	0	0	0	0	0	1	0	0	0
CPNE3	0	0	0	0	0	0	0	0	1	0	0	0
LBP	0	0	0	0	0	0	0	0	1	0	0	0
FECH	0	0	0	0	0	0	0	0	1	0	0	0
COL5A2	0	0	0	0	0	0	0	0	1	0	0	0
SLC2A4RG	0	0	0	0	0	0	0	0	1	0	0	0
TBC1D10C	0	0	0	0	0	0	0	0	1	0	0	0
GNB2	0	0	0	0	0	0	0	0	1	0	0	0
HSD17B4	0	0	0	0	0	0	0	0	1	0	0	0
SERAC1	0	0	0	0	0	0	0	0	1	0	0	0
HEATR5B	0	0	0	0	0	0	0	0	1	0	0	0
MAL	0	0	0	0	0	0	0	0	1	0	0	0
AP3B1	0	0	0	0	0	0	0	0	1	0	0	0
RASL10B	0	0	0	0	0	0	0	0	1	0	0	0
LNX2	0	0	0	0	0	0	0	0	1	0	0	0
MYH3	0	0	0	0	0	0	0	0	1	0	0	0
CCDC37	0	0	0	0	0	0	0	0	1	0	0	0
GPR139	0	0	0	0	0	0	0	0	1	0	0	0
IL17RB	0	0	0	0	0	0	0	0	1	0	0	0
CDC40	0	0	0	0	0	0	0	0	1	0	0	0
RRP1	0	0	0	0	0	0	0	0	1	0	0	0
CCDC27	0	0	0	0	0	0	0	0	1	0	0	0
NUDT1	0	0	0	0	0	0	0	0	1	0	0	0
CERS5	0	0	0	0	0	0	0	0	1	0	0	0
LFNG	0	0	0	0	0	0	0	0	1	0	0	0
IRF2BPL	0	0	0	0	0	0	0	0	1	0	0	0
ANXA1	0	0	0	0	0	0	0	0	1	0	0	0
ITGA2B	0	0	0	0	0	0	0	0	1	0	0	0
AWAT1	0	0	0	0	0	0	0	0	1	0	0	0
ZBTB4	0	0	0	0	0	0	0	0	1	0	0	0
BCL7B	0	0	0	0	0	0	0	0	1	0	0	0
ANAPC2	0	0	0	0	0	0	0	0	1	0	0	0
CHRNB2	0	0	0	0	0	0	0	0	1	0	0	0
PUS3	0	0	0	0	0	0	0	0	1	0	0	0
C4orf17	0	0	0	0	0	0	0	0	1	0	0	0
F13A1	0	0	0	0	0	0	0	0	1	0	0	0
OR5C1	0	0	0	0	0	0	0	0	1	0	0	0
STX5	0	0	0	0	0	0	0	0	1	0	0	0
C3orf20	0	0	0	0	0	0	0	0	1	0	0	0
PTPDC1	0	0	0	0	0	0	0	0	1	0	0	0
NFKB2	0	0	0	0	0	0	0	0	1	0	0	0
GTPBP1	0	0	0	0	0	0	0	0	1	0	0	0
SNX14	0	0	0	0	0	0	0	0	1	0	0	0
RPL22	0	0	0	0	0	0	0	0	1	0	0	0
C9orf24	0	0	0	0	0	0	0	0	1	0	0	0
RPAP1	0	0	0	0	0	0	0	0	1	0	0	0
MFSD5	0	0	0	0	0	0	0	0	1	0	0	0
TLE2	0	0	0	0	0	0	0	0	1	0	0	0
ELOVL3	0	0	0	0	0	0	0	0	1	0	0	0
G6PD	0	0	0	0	0	0	0	0	1	0	0	0
LANCL1	0	0	0	0	0	0	0	0	1	0	0	0
ANAPC16	0	0	0	0	0	0	0	0	1	0	0	0
ACTN4	0	0	0	0	0	0	0	0	1	0	0	0
SLC25A1	0	0	0	0	0	0	0	0	1	0	0	0
CLCC1	0	0	0	0	0	0	0	0	1	0	0	0
ARHGEF5	0	0	0	0	0	0	0	0	1	0	0	0
KCNJ14	0	0	0	0	0	0	0	0	1	0	0	0
PTK2B	0	0	0	0	0	0	0	0	1	0	0	0
MBD5	0	0	0	0	0	0	0	0	1	0	0	0
CALCOCO1	0	0	0	0	0	0	0	0	1	0	0	0
MC5R	0	0	0	0	0	0	0	0	1	0	0	0
BCL2L15	0	0	0	0	0	0	0	0	1	0	0	0
GOT2	0	0	0	0	0	0	0	0	1	0	0	0
AAGAB	0	0	0	0	0	0	0	0	1	0	0	0
ZFP36L1	0	0	0	0	0	0	0	0	1	0	0	0
WDR82	0	0	0	0	0	0	0	0	1	0	0	0
OR51I1	0	0	0	0	0	0	0	0	1	0	0	0
ZNRF1	0	0	0	0	0	0	0	0	1	0	0	0
POF1B	0	0	0	0	0	0	0	0	1	0	0	0
ZNF174	0	0	0	0	0	0	0	0	1	0	0	0
R3HDM1	0	0	0	0	0	0	0	0	1	0	0	0
AHDC1	0	0	0	0	0	0	0	0	1	0	0	0
VSIG1	0	0	0	0	0	0	0	0	1	0	0	0
CHRDL1	0	0	0	0	0	0	0	0	1	0	0	0
ZFAND1	0	0	0	0	0	0	0	0	1	0	0	0
ZNF548	0	0	0	0	0	0	0	0	1	0	0	0
LCMT2	0	0	0	0	0	0	0	0	1	0	0	0
MRVI1	0	0	0	0	0	0	0	0	1	0	0	0
MEMO1	0	0	0	0	0	0	0	0	1	0	0	0
NTRK1	0	0	0	0	0	0	0	0	1	0	0	0
GJB2	0	0	0	0	0	0	0	0	1	0	0	0
WEE2	0	0	0	0	0	0	0	0	1	0	0	0
LHX1	0	0	0	0	0	0	0	0	1	0	0	0
DUS4L	0	0	0	0	0	0	0	0	1	0	0	0
ACSM1	0	0	0	0	0	0	0	0	1	0	0	0
MSGN1	0	0	0	0	0	0	0	0	1	0	0	0
SHC3	0	0	0	0	0	0	0	0	1	0	0	0
CALM3	0	0	0	0	0	0	0	0	1	0	0	0
BEST1	0	0	0	0	0	0	0	0	1	0	0	0
C11orf24	0	0	0	0	0	0	0	0	1	0	0	0
PBOV1	0	0	0	0	0	0	0	0	1	0	0	0
C12orf50	0	0	0	0	0	0	0	0	1	0	0	0
ACBD6	0	0	0	0	0	0	0	0	1	0	0	0
AKAP4	0	0	0	0	0	0	0	0	1	0	0	0
RAB10	0	0	0	0	0	0	0	0	1	0	0	0
TSPO	0	0	0	0	0	0	0	0	1	0	0	0
ZKSCAN4	0	0	0	0	0	0	0	0	1	0	0	0
RNF2	0	0	0	0	0	0	0	0	1	0	0	0
RARA	0	0	0	0	0	0	0	0	1	0	0	0
COL25A1	0	0	0	0	0	0	0	0	1	0	0	0
BCAS4	0	0	0	0	0	0	0	0	1	0	0	0
AR	0	0	0	0	0	0	0	0	1	0	0	0
PPFIBP1	0	0	0	0	0	0	0	0	1	0	0	0
HNRNPA2B1	0	0	0	0	0	0	0	0	1	0	0	0
NAT8	0	0	0	0	0	0	0	0	1	0	0	0
FCRL5	0	0	0	0	0	0	0	0	1	0	0	0
DUSP22	0	0	0	0	0	0	0	0	1	0	0	0
PCK2	0	0	0	0	0	0	0	0	1	0	0	0
TMEM185A	0	0	0	0	0	0	0	0	1	0	0	0
ADCYAP1	0	0	0	0	0	0	0	0	1	0	0	0
IP6K3	0	0	0	0	0	0	0	0	1	0	0	0
CDC42SE2	0	0	0	0	0	0	0	0	1	0	0	0
SPZ1	0	0	0	0	0	0	0	0	1	0	0	0
C16orf3	0	0	0	0	0	0	0	0	1	0	0	0
SOCS4	0	0	0	0	0	0	0	0	1	0	0	0
EGLN2	0	0	0	0	0	0	0	0	1	0	0	0
TANK	0	0	0	0	0	0	0	0	1	0	0	0
MUC7	0	0	0	0	0	0	0	0	1	0	0	0
NPHP4	0	0	0	0	0	0	0	0	1	0	0	0
ZNF581	0	0	0	0	0	0	0	0	1	0	0	0
PITPNC1	0	0	0	0	0	0	0	0	1	0	0	0
TRPT1	0	0	0	0	0	0	0	0	1	0	0	0
OR2B2	0	0	0	0	0	0	0	0	1	0	0	0
CA13	0	0	0	0	0	0	0	0	1	0	0	0
FAM171B	0	0	0	0	0	0	0	0	1	0	0	0
ACAT2	0	0	0	0	0	0	0	0	1	0	0	0
HIVEP3	0	0	0	0	0	0	0	0	1	0	0	0
CARHSP1	0	0	0	0	0	0	0	0	1	0	0	0
CWF19L2	0	0	0	0	0	0	0	0	1	0	0	0
MRPL55	0	0	0	0	0	0	0	0	1	0	0	0
PIN4	0	0	0	0	0	0	0	0	1	0	0	0
SLC16A6	0	0	0	0	0	0	0	0	1	0	0	0
NSA2	0	0	0	0	0	0	0	0	1	0	0	0
TAGLN2	0	0	0	0	0	0	0	0	1	0	0	0
MPG	0	0	0	0	0	0	0	0	1	0	0	0
KLHL30	0	0	0	0	0	0	0	0	1	0	0	0
AKR1B1	0	0	0	0	0	0	0	0	1	0	0	0
MAN1B1	0	0	0	0	0	0	0	0	1	0	0	0
ACAP3	0	0	0	0	0	0	0	0	1	0	0	0
CRY2	0	0	0	0	0	0	0	0	1	0	0	0
KAT5	0	0	0	0	0	0	0	0	1	0	0	0
LCE1A	0	0	0	0	0	0	0	0	1	0	0	0
GAPVD1	0	0	0	0	0	0	0	0	1	0	0	0
TRPM1	0	0	0	0	0	0	0	0	1	0	0	0
C9orf171	0	0	0	0	0	0	0	0	1	0	0	0
SLC6A6	0	0	0	0	0	0	0	0	1	0	0	0
ARHGAP42	0	0	0	0	0	0	0	0	1	0	0	0
GMPPB	0	0	0	0	0	0	0	0	1	0	0	0
SMNDC1	0	0	0	0	0	0	0	0	1	0	0	0
MED13L	0	0	0	0	0	0	0	0	1	0	0	0
ASGR2	0	0	0	0	0	0	0	0	1	0	0	0
LZTS2	0	0	0	0	0	0	0	0	1	0	0	0
RORB	0	0	0	0	0	0	0	0	1	0	0	0
HDGFRP2	0	0	0	0	0	0	0	0	1	0	0	0
INSR	0	0	0	0	0	0	0	0	1	0	0	0
C6orf57	0	0	0	0	0	0	0	0	1	0	0	0
HSD17B12	0	0	0	0	0	0	0	0	1	0	0	0
OR1G1	0	0	0	0	0	0	0	0	1	0	0	0
SPTY2D1	0	0	0	0	0	0	0	0	1	0	0	0
PIGL	0	0	0	0	0	0	0	0	1	0	0	0
OR12D3	0	0	0	0	0	0	0	0	1	0	0	0
HRAS	0	0	0	0	0	0	0	0	1	0	0	0
RAMP2	0	0	0	0	0	0	0	0	1	0	0	0
GLMN	0	0	0	0	0	0	0	0	1	0	0	0
CCL13	0	0	0	0	0	0	0	0	1	0	0	0
PQLC2	0	0	0	0	0	0	0	0	1	0	0	0
ZCCHC16	0	0	0	0	0	0	0	0	1	0	0	0
PRSS16	0	0	0	0	0	0	0	0	1	0	0	0
DYNC1I1	0	0	0	0	0	0	0	0	1	0	0	0
CLCA2	0	0	0	0	0	0	0	0	1	0	0	0
CKS2	0	0	0	0	0	0	0	0	1	0	0	0
KCNA3	0	0	0	0	0	0	0	0	1	0	0	0
GRIK3	0	0	0	0	0	0	0	0	1	0	0	0
TRIM69	0	0	0	0	0	0	0	0	1	0	0	0
HBE1	0	0	0	0	0	0	0	0	1	0	0	0
OR8K5	0	0	0	0	0	0	0	0	1	0	0	0
HEYL	0	0	0	0	0	0	0	0	1	0	0	0
EPB41L2	0	0	0	0	0	0	0	0	1	0	0	0
ZNF496	0	0	0	0	0	0	0	0	1	0	0	0
TRIM16	0	0	0	0	0	0	0	0	1	0	0	0
ROBO1	0	0	0	0	0	0	0	0	1	0	0	0
SLCO3A1	0	0	0	0	0	0	0	0	1	0	0	0
IL6	0	0	0	0	0	0	0	0	1	0	0	0
USP49	0	0	0	0	0	0	0	0	1	0	0	0
OR4A5	0	0	0	0	0	0	0	0	1	0	0	0
SH2D4B	0	0	0	0	0	0	0	0	1	0	0	0
PDCD7	0	0	0	0	0	0	0	0	1	0	0	0
KLF8	0	0	0	0	0	0	0	0	1	0	0	0
SMPDL3A	0	0	0	0	0	0	0	0	1	0	0	0
APBA2	0	0	0	0	0	0	0	0	1	0	0	0
CCNDBP1	0	0	0	0	0	0	0	0	1	0	0	0
SLC29A4	0	0	0	0	0	0	0	0	1	0	0	0
APOF	0	0	0	0	0	0	0	0	1	0	0	0
MASP1	0	0	0	0	0	0	0	0	1	0	0	0
OAF	0	0	0	0	0	0	0	0	1	0	0	0
TCTEX1D4	0	0	0	0	0	0	0	0	1	0	0	0
DIAPH1	0	0	0	0	0	0	0	0	1	0	0	0
UQCRB	0	0	0	0	0	0	0	0	1	0	0	0
HIP1	0	0	0	0	0	0	0	0	1	0	0	0
HSD17B13	0	0	0	0	0	0	0	0	1	0	0	0
PGM3	0	0	0	0	0	0	0	0	1	0	0	0
HADH	0	0	0	0	0	0	0	0	1	0	0	0
CALB1	0	0	0	0	0	0	0	0	1	0	0	0
C1orf127	0	0	0	0	0	0	0	0	1	0	0	0
FASTKD2	0	0	0	0	0	0	0	0	1	0	0	0
GZMB	0	0	0	0	0	0	0	0	1	0	0	0
TMED6	0	0	0	0	0	0	0	0	1	0	0	0
SLC25A36	0	0	0	0	0	0	0	0	1	0	0	0
DIP2C	0	0	0	0	0	0	0	0	1	0	0	0
ANKRD22	0	0	0	0	0	0	0	0	1	0	0	0
CASP10	0	0	0	0	0	0	0	0	1	0	0	0
ZSCAN20	0	0	0	0	0	0	0	0	1	0	0	0
TSPAN5	0	0	0	0	0	0	0	0	1	0	0	0
HADHA	0	0	0	0	0	0	0	0	1	0	0	0
ZSCAN22	0	0	0	0	0	0	0	0	1	0	0	0
PMAIP1	0	0	0	0	0	0	0	0	1	0	0	0
HSBP1	0	0	0	0	0	0	0	0	1	0	0	0
FMNL1	0	0	0	0	0	0	0	0	1	0	0	0
PRKACG	0	0	0	0	0	0	0	0	1	0	0	0
TSEN34	0	0	0	0	0	0	0	0	1	0	0	0
FAM163A	0	0	0	0	0	0	0	0	1	0	0	0
IL7R	0	0	0	0	0	0	0	0	1	0	0	0
RHOH	0	0	0	0	0	0	0	0	1	0	0	0
PTBP1	0	0	0	0	0	0	0	0	1	0	0	0
HIST1H2BA	0	0	0	0	0	0	0	0	1	0	0	0
PLAC4	0	0	0	0	0	0	0	0	1	0	0	0
SMAD6	0	0	0	0	0	0	0	0	1	0	0	0
GFRA2	0	0	0	0	0	0	0	0	1	0	0	0
RALGDS	0	0	0	0	0	0	0	0	1	0	0	0
MTRR	0	0	0	0	0	0	0	0	1	0	0	0
ART5	0	0	0	0	0	0	0	0	1	0	0	0
ZFHX3	0	0	0	0	0	0	0	0	1	0	0	0
ENPP2	0	0	0	0	0	0	0	0	1	0	0	0
ZDBF2	0	0	0	0	0	0	0	0	1	0	0	0
PRICKLE3	0	0	0	0	0	0	0	0	1	0	0	0
RAB17	0	0	0	0	0	0	0	0	1	0	0	0
CRYZ	0	0	0	0	0	0	0	0	1	0	0	0
RBMS3	0	0	0	0	0	0	0	0	1	0	0	0
UNG	0	0	0	0	0	0	0	0	1	0	0	0
ETNK1	0	0	0	0	0	0	0	0	1	0	0	0
HERPUD1	0	0	0	0	0	0	0	0	1	0	0	0
C1QBP	0	0	0	0	0	0	0	0	1	0	0	0
ATP1B4	0	0	0	0	0	0	0	0	1	0	0	0
FZD9	0	0	0	0	0	0	0	0	1	0	0	0
NUDC	0	0	0	0	0	0	0	0	1	0	0	0
LHFPL1	0	0	0	0	0	0	0	0	1	0	0	0
FUS	0	0	0	0	0	0	0	0	1	0	0	0
P2RX2	0	0	0	0	0	0	0	0	1	0	0	0
TATDN3	0	0	0	0	0	0	0	0	1	0	0	0
OR10Q1	0	0	0	0	0	0	0	0	1	0	0	0
LENG8	0	0	0	0	0	0	0	0	1	0	0	0
MDH1	0	0	0	0	0	0	0	0	1	0	0	0
BPIFA3	0	0	0	0	0	0	0	0	1	0	0	0
LRRC37B	0	0	0	0	0	0	0	0	1	0	0	0
ACTL9	0	0	0	0	0	0	0	0	1	0	0	0
ARL6IP5	0	0	0	0	0	0	0	0	1	0	0	0
SLC12A8	0	0	0	0	0	0	0	0	1	0	0	0
OR2W5	0	0	0	0	0	0	0	0	1	0	0	0
KCNK10	0	0	0	0	0	0	0	0	1	0	0	0
SPINK4	0	0	0	0	0	0	0	0	1	0	0	0
IMPDH2	0	0	0	0	0	0	0	0	1	0	0	0
LONRF3	0	0	0	0	0	0	0	0	1	0	0	0
SLITRK1	0	0	0	0	0	0	0	0	1	0	0	0
NDUFAF1	0	0	0	0	0	0	0	0	1	0	0	0
CAPN5	0	0	0	0	0	0	0	0	1	0	0	0
VMO1	0	0	0	0	0	0	0	0	1	0	0	0
MANBAL	0	0	0	0	0	0	0	0	1	0	0	0
KIAA0895L	0	0	0	0	0	0	0	0	1	0	0	0
PCDHGA8	0	0	0	0	0	0	0	0	1	0	0	0
TCHHL1	0	0	0	0	0	0	0	0	1	0	0	0
GPR50	0	0	0	0	0	0	0	0	1	0	0	0
CDHR3	0	0	0	0	0	0	0	0	1	0	0	0
KANK3	0	0	0	0	0	0	0	0	1	0	0	0
BGN	0	0	0	0	0	0	0	0	1	0	0	0
OR2V2	0	0	0	0	0	0	0	0	1	0	0	0
LYPD1	0	0	0	0	0	0	0	0	1	0	0	0
ZC3HC1	0	0	0	0	0	0	0	0	1	0	0	0
PSD2	0	0	0	0	0	0	0	0	1	0	0	0
TRIM56	0	0	0	0	0	0	0	0	1	0	0	0
SWI5	0	0	0	0	0	0	0	0	1	0	0	0
C15orf41	0	0	0	0	0	0	0	0	1	0	0	0
WDR60	0	0	0	0	0	0	0	0	1	0	0	0
CDH12	0	0	0	0	0	0	0	0	1	0	0	0
ARL6IP4	0	0	0	0	0	0	0	0	1	0	0	0
CTF1	0	0	0	0	0	0	0	0	1	0	0	0
FAM110B	0	0	0	0	0	0	0	0	1	0	0	0
STXBP4	0	0	0	0	0	0	0	0	1	0	0	0
HDGF	0	0	0	0	0	0	0	0	1	0	0	0
NOBOX	0	0	0	0	0	0	0	0	1	0	0	0
KCNJ3	0	0	0	0	0	0	0	0	1	0	0	0
SLIT1	0	0	0	0	0	0	0	0	1	0	0	0
NACC2	0	0	0	0	0	0	0	0	1	0	0	0
KRT40	0	0	0	0	0	0	0	0	1	0	0	0
LOC730159	0	0	0	0	0	0	0	0	1	0	0	0
ZNF541	0	0	0	0	0	0	0	0	1	0	0	0
SPIN4	0	0	0	0	0	0	0	0	1	0	0	0
